-0.00013089110395368499270389583966078817 
-0.000232594238170983372239117303870159503
-0.000420478422541041118708909918311178444
-0.000686290393203046284950619160269980057
-0.001039084796060613926846349919230760861
-0.001481243251897327358607148184432844573
-0.002005618532445034487426971381296425534
-0.002593015754123803064123965356202461408
-0.003210215975658090113015186162215286458
-0.003808412872649353120985127318931517948
-0.004323258692999846705684596770424832357
-0.004676059083444364036785678706564794993
-0.004776369229914713930573721967220990337
-0.004526302370585176537698401943998760544
-0.003826265404569097541842559451197303133
-0.002581757975429047492071932268231648777
-0.000710954167199205947468010347023437134
 0.001847517560158684537391371449643884262
 0.005127191566214556704694782496289917617
 0.009127463056270941621495040863010217436
 0.013809008028327914019417477220486034639
 0.01909135244566890349249277392118528951 
 0.024853080976047756123215037860063603148
 0.030934963264302006713535320159280672669
 0.037145923469219410684161175595363602042
 0.043271557523865189498479821850196458399
 0.04908478223106673560272028566942026373 
 0.054357981321633726257136487447496620007
 0.058875858049154773665723183739828527905
 0.062448019064436754987923450244124978781
 0.064920369806823752245605874122702516615
 0.066184520917899378189552805906714638695
 0.066184520917899378189552805906714638695
 0.064920369806823752245605874122702516615
 0.062448019064436754987923450244124978781
 0.058875858049154773665723183739828527905
 0.054357981321633726257136487447496620007
 0.04908478223106673560272028566942026373 
 0.043271557523865189498479821850196458399
 0.037145923469219410684161175595363602042
 0.030934963264302006713535320159280672669
 0.024853080976047756123215037860063603148
 0.01909135244566890349249277392118528951 
 0.013809008028327914019417477220486034639
 0.009127463056270941621495040863010217436
 0.005127191566214556704694782496289917617
 0.001847517560158684537391371449643884262
-0.000710954167199205947468010347023437134
-0.002581757975429047492071932268231648777
-0.003826265404569097541842559451197303133
-0.004526302370585176537698401943998760544
-0.004776369229914713930573721967220990337
-0.004676059083444364036785678706564794993
-0.004323258692999846705684596770424832357
-0.003808412872649353120985127318931517948
-0.003210215975658090113015186162215286458
-0.002593015754123803064123965356202461408
-0.002005618532445034487426971381296425534
-0.001481243251897327358607148184432844573
-0.001039084796060613926846349919230760861
-0.000686290393203046284950619160269980057
-0.000420478422541041118708909918311178444
-0.000232594238170983372239117303870159503
-0.00013089110395368499270389583966078817 